0.999990761 -0.002654177 -0.003386347 -0.000014817 0.002647171 0.999994338 -0.002071767 -0.000330707 0.003391827 0.002062783 0.999992132 0.041528195
0.999971628 -0.001317188 -0.007419433 -0.000881315 0.001289108 0.999992013 -0.003788143 -0.000399611 0.007424363 0.003778471 0.999965310 0.087925971
0.999934852 -0.001347437 -0.011335738 -0.001425843 0.001288867 0.999985814 -0.005172572 -0.000638182 0.011342547 0.005157625 0.999922395 0.126786307
0.999860287 0.000262215 -0.016713144 -0.002461395 -0.000363666 0.999981523 -0.006067360 -0.000698196 0.016711244 0.006072591 0.999841928 0.179299459
0.999794960 -0.000947698 -0.020226333 -0.004003522 0.000827873 0.999982059 -0.005931770 -0.001574409 0.020231593 0.005913809 0.999777853 0.215851769
0.999705553 0.001015844 -0.024244556 -0.005912480 -0.001188661 0.999974012 -0.007114713 -0.002298995 0.024236698 0.007141436 0.999680758 0.262179554
0.999559343 0.003300656 -0.029500550 -0.007482762 -0.003518197 0.999966979 -0.007325274 -0.003157021 0.029475398 0.007425835 0.999537945 0.308580995
0.999419451 0.003759452 -0.033861283 -0.009457194 -0.003963802 0.999974310 -0.005969811 -0.003462558 0.033837970 0.006100565 0.999408722 0.357319653
0.999281287 0.002643931 -0.037814349 -0.011807588 -0.002764723 0.999991238 -0.003142418 -0.004112215 0.037805706 0.003244706 0.999279857 0.408760309
0.999119282 0.002329643 -0.041895978 -0.013430466 -0.002343794 0.999997199 -0.000288644 -0.004885925 0.041895188 0.000386586 0.999121964 0.454223573
0.999025285 0.003915546 -0.043967482 -0.016566474 -0.003940274 0.999992132 -0.000475772 -0.005676802 0.043965273 0.000648552 0.999032855 0.503917873
0.998952627 0.003542830 -0.045618653 -0.019221827 -0.003607755 0.999992609 -0.001340951 -0.005480899 0.045613565 0.001504128 0.998958051 0.556482732
0.998782933 0.000228644 -0.049320903 -0.019956805 -0.000308249 0.999998689 -0.001606427 -0.006026521 0.049320467 0.001619675 0.998781681 0.603945971
0.998699307 0.000020290 -0.050987747 -0.023095243 -0.000043013 0.999999881 -0.000444560 -0.006629640 0.050987732 0.000446175 0.998699188 0.654607952
0.998628020 -0.001481352 -0.052343931 -0.025943618 0.001439692 0.999998629 -0.000833581 -0.007078386 0.052345093 0.000757079 0.998628795 0.706582427
0.998514414 0.000602353 -0.054484781 -0.028851571 -0.000774547 0.999994755 -0.003139355 -0.007686566 0.054482605 0.003176892 0.998509645 0.758386493
0.998441517 0.001256641 -0.055793807 -0.032284729 -0.001614546 0.999978423 -0.006370175 -0.007697937 0.055784598 0.006450329 0.998421967 0.812057257
0.998340487 0.005541811 -0.057319943 -0.035876624 -0.005988692 0.999952972 -0.007627436 -0.008758435 0.057274979 0.007958050 0.998326719 0.863464713
0.998234689 0.006207682 -0.059067100 -0.038809832 -0.006652034 0.999951005 -0.007329182 -0.009339128 0.059018709 0.007709160 0.998227119 0.918382347
0.998196065 0.005262320 -0.059807383 -0.042573143 -0.005592836 0.999970019 -0.005360283 -0.010625083 0.059777379 0.005685106 0.998195529 0.971167088
0.998104155 0.006022651 -0.061252374 -0.046104170 -0.006268237 0.999973059 -0.003818042 -0.011296863 0.061227731 0.004194748 0.998115003 1.026432514
0.998063624 0.005578040 -0.061951041 -0.050174426 -0.005822383 0.999975979 -0.003764312 -0.012176474 0.061928555 0.004117725 0.998072088 1.079993367
0.997967541 0.005317624 -0.063501805 -0.054191418 -0.005643327 0.999971807 -0.004950769 -0.012423253 0.063473687 0.005299069 0.997969449 1.135743976
0.997895777 0.004046462 -0.064711750 -0.057035226 -0.004399930 0.999976158 -0.005320610 -0.013762523 0.064688675 0.005594141 0.997889817 1.190033674
0.997843027 0.003721223 -0.065539859 -0.060584314 -0.003955460 0.999986231 -0.003444567 -0.014112783 0.065526143 0.003696378 0.997843981 1.246497154
0.997852862 0.005056824 -0.065299995 -0.064913049 -0.005095775 0.999986947 -0.000429954 -0.014674754 0.065296970 0.000761785 0.997865558 1.302348614
0.997890234 0.006200824 -0.064627133 -0.068775333 -0.005939187 0.999973357 0.004239743 -0.015969548 0.064651698 -0.003846965 0.997900486 1.358817577
0.997999132 0.004576081 -0.063061692 -0.072278462 -0.004180446 0.999970734 0.006404303 -0.015754167 0.063089155 -0.006127862 0.997989058 1.416137218
0.998121619 0.004801062 -0.061075475 -0.076171629 -0.004402296 0.999968112 0.006661958 -0.015923562 0.061105516 -0.006380572 0.998110890 1.473254204
0.998181403 0.004861904 -0.060085129 -0.079825431 -0.004597403 0.999979138 0.004539581 -0.016437493 0.060105946 -0.004255089 0.998182952 1.530694246
0.998210132 0.006070522 -0.059494965 -0.082943812 -0.006094903 0.999981403 -0.000228343 -0.017108351 0.059492469 0.000590550 0.998228550 1.587791443
0.998286307 0.005765497 -0.058233891 -0.086572371 -0.005993973 0.999975026 -0.003749502 -0.016814966 0.058210816 0.004092128 0.998295903 1.645908713
0.998351157 0.003214116 -0.057312183 -0.089771859 -0.003349198 0.999991834 -0.002261051 -0.018006572 0.057304449 0.002449272 0.998353720 1.704070687
0.998336792 0.001668637 -0.057626724 -0.093218111 -0.001522136 0.999995470 0.002586053 -0.018469114 0.057630781 -0.002494036 0.998334825 1.763391614
0.998307645 -0.001407523 -0.058136676 -0.097056277 0.001745092 0.999981940 0.005756117 -0.018898865 0.058127522 -0.005847830 0.998292029 1.821808219
0.998224676 -0.008399884 -0.058965333 -0.100206628 0.008673115 0.999952793 0.004379352 -0.018725388 0.058925763 -0.004882990 0.998250425 1.880634665
0.998106420 -0.010541487 -0.060600352 -0.103628397 0.010621744 0.999943078 0.001002367 -0.019444585 0.060586337 -0.001644151 0.998161614 1.939456582
0.998042822 -0.009584275 -0.061795786 -0.107677497 0.009366840 0.999948859 -0.003807338 -0.019260647 0.061829116 0.003221055 0.998081565 1.998256207
0.997903109 -0.008874593 -0.064114511 -0.111560605 0.008661178 0.999956012 -0.003605841 -0.020716349 0.064143687 0.003042973 0.997936010 2.058130264
0.997856557 -0.008461017 -0.064889997 -0.116261415 0.008289329 0.999961376 -0.002914611 -0.020734973 0.064912155 0.002370469 0.997888148 2.118587255
0.997805715 -0.006426221 -0.065897450 -0.120226547 0.006503670 0.999978364 0.000960838 -0.022338420 0.065889850 -0.001387305 0.997825921 2.178755760
0.997778296 -0.005434323 -0.066399738 -0.125075549 0.005577960 0.999982476 0.001978016 -0.022925979 0.066387825 -0.002343997 0.997791171 2.238412380
0.997662306 -0.004822647 -0.068166509 -0.128935277 0.005136644 0.999976993 0.004431808 -0.023085231 0.068143569 -0.004771595 0.997664094 2.300228357
0.997633636 -0.005405169 -0.068541542 -0.132561952 0.005934375 0.999954104 0.007519690 -0.023447895 0.068497747 -0.007908647 0.997619927 2.361055374
0.997679472 0.000943742 -0.068078928 -0.138942555 -0.000277747 0.999952018 0.009791488 -0.023602789 0.068084903 -0.009749858 0.997631907 2.421265364
0.997670293 0.000389231 -0.068219110 -0.143110722 0.000251321 0.999955952 0.009380781 -0.024029976 0.068219759 -0.009376071 0.997626245 2.480124474
0.997665226 0.001098181 -0.068284966 -0.147206187 -0.000565694 0.999969304 0.007816863 -0.024562119 0.068291456 -0.007759985 0.997635245 2.540712833
0.997664571 0.003215974 -0.068227604 -0.151526466 -0.002870966 0.999982595 0.005154174 -0.024628760 0.068242989 -0.004946257 0.997656465 2.599661589
0.997571707 0.002500351 -0.069602326 -0.155980960 -0.002138255 0.999983788 0.005276366 -0.024986634 0.069614388 -0.005114726 0.997560859 2.661012650
0.997509003 0.000902907 -0.070533656 -0.160378024 -0.000447534 0.999978960 0.006471644 -0.025386237 0.070538014 -0.006423957 0.997488379 2.720531702
0.997390330 0.001138048 -0.072188631 -0.164173111 -0.000593598 0.999971211 0.007563044 -0.025757233 0.072195165 -0.007500456 0.997362316 2.780440092
0.997345626 0.003499875 -0.072728671 -0.168811560 -0.003231924 0.999987543 0.003801614 -0.026229041 0.072741069 -0.003556470 0.997344494 2.839077950
0.997333884 0.004080771 -0.072859570 -0.174136534 -0.004102536 0.999991596 -0.000149072 -0.026812676 0.072858348 0.000447584 0.997342169 2.897816181
0.997295022 0.005186244 -0.073319308 -0.179054663 -0.005318599 0.999984562 -0.001610056 -0.027210904 0.073309831 0.001995657 0.997307241 2.956527710
