0.999990702 -0.002772034 -0.003297049 -0.000100619 0.002765270 0.999994040 -0.002054415 -0.000298727 0.003302724 0.002045279 0.999992430 0.041516330
0.999972761 -0.001202904 -0.007283042 -0.000888849 0.001176671 0.999992788 -0.003605196 -0.000439090 0.007287327 0.003596528 0.999966979 0.085824288
0.999937832 -0.001228102 -0.011082438 -0.001579953 0.001170657 0.999985874 -0.005188418 -0.000595578 0.011088653 0.005175122 0.999925137 0.126667559
0.999852777 0.000001085 -0.017160134 -0.002169340 -0.000102861 0.999982417 -0.005930074 -0.000720316 0.017159825 0.005930966 0.999835193 0.177002370
0.999793708 -0.000874304 -0.020293534 -0.003840492 0.000756052 0.999982715 -0.005834039 -0.001637758 0.020298284 0.005817492 0.999777019 0.215464205
0.999703169 0.001139653 -0.024337206 -0.005704250 -0.001306399 0.999975801 -0.006836710 -0.002517669 0.024328824 0.006866475 0.999680400 0.262109041
0.999563813 0.003636565 -0.029308015 -0.007558132 -0.003858372 0.999964297 -0.007515159 -0.002904142 0.029279640 0.007624962 0.999542177 0.307993591
0.999426961 0.003975196 -0.033613954 -0.009576111 -0.004178023 0.999973476 -0.005965915 -0.003339815 0.033589348 0.006102936 0.999417067 0.356402695
0.999260545 0.002847833 -0.038343750 -0.011454670 -0.002974690 0.999990284 -0.003251778 -0.004000780 0.038334116 0.003363434 0.999259293 0.409094006
0.999126732 0.002420921 -0.041712940 -0.013490275 -0.002433559 0.999997020 -0.000252219 -0.004781577 0.041712206 0.000353510 0.999129593 0.453377098
0.999028504 0.004096351 -0.043878317 -0.016593812 -0.004132981 0.999991179 -0.000744127 -0.005347657 0.043874882 0.000924753 0.999036610 0.503315508
0.998901129 0.003466528 -0.046738688 -0.018634818 -0.003515277 0.999993384 -0.000960848 -0.005837710 0.046735045 0.001124091 0.998906672 0.554560304
0.998839498 0.000590887 -0.048159447 -0.021211311 -0.000674568 0.999998271 -0.001721352 -0.005938957 0.048158348 0.001751841 0.998838186 0.601852477
0.998721659 0.000300996 -0.050547164 -0.023366112 -0.000329822 0.999999762 -0.000561941 -0.006556557 0.050546985 0.000577894 0.998721540 0.653030455
0.998647690 -0.001560189 -0.051964708 -0.026002260 0.001511446 0.999998391 -0.000977283 -0.007003277 0.051966149 0.000897419 0.998648465 0.705401957
0.998545825 0.000787733 -0.053903457 -0.029277014 -0.000981034 0.999993205 -0.003559703 -0.007256106 0.053900283 0.003607408 0.998539805 0.756330729
0.998467863 0.001208400 -0.055321146 -0.032358643 -0.001553451 0.999979615 -0.006194668 -0.007789948 0.055312533 0.006271116 0.998449385 0.808568597
0.998387814 0.005259754 -0.056516320 -0.036344182 -0.005718442 0.999952018 -0.007957383 -0.008449664 0.056471754 0.008267740 0.998369992 0.861642957
0.998299837 0.005762552 -0.058002088 -0.039440822 -0.006192427 0.999954641 -0.007234361 -0.009392074 0.057957768 0.007581235 0.998290241 0.914386988
0.998206556 0.005161527 -0.059640378 -0.042654734 -0.005538186 0.999965727 -0.006151938 -0.010077278 0.059606582 0.006471204 0.998200953 0.969027400
0.998132527 0.005525124 -0.060834888 -0.046369690 -0.005808547 0.999973059 -0.004483032 -0.010743073 0.060808484 0.004828022 0.998137772 1.022700310
0.998051941 0.005166227 -0.062174313 -0.049684711 -0.005440775 0.999976158 -0.004247287 -0.011754612 0.062150888 0.004577290 0.998056293 1.077485085
0.997952580 0.004928336 -0.063768230 -0.053236730 -0.005247308 0.999974549 -0.004835551 -0.012608116 0.063742779 0.005160262 0.997952998 1.131799817
0.997886360 0.003824177 -0.064870559 -0.056480449 -0.004193258 0.999975801 -0.005554301 -0.013489163 0.064847752 0.005814580 0.997878253 1.186457753
0.997856617 0.003479480 -0.065346137 -0.060423076 -0.003718911 0.999986827 -0.003542755 -0.014260791 0.065332942 0.003778178 0.997856379 1.242618561
0.997844815 0.004481479 -0.065464690 -0.064157918 -0.004535660 0.999989510 -0.000679044 -0.014577867 0.065460958 0.000974506 0.997854650 1.297694325
0.997875512 0.005746394 -0.064895816 -0.068013526 -0.005528973 0.999978483 0.003529399 -0.015314616 0.064914703 -0.003163094 0.997885823 1.354161263
0.997969210 0.004218858 -0.063557886 -0.071053699 -0.003847845 0.999974847 0.005958672 -0.015502545 0.063581422 -0.005702010 0.997960389 1.410889983
0.998066783 0.004595353 -0.061980255 -0.074634567 -0.004195570 0.999969542 0.006578757 -0.015894044 0.062008601 -0.006305997 0.998055696 1.467922926
0.998159289 0.005150606 -0.060427506 -0.078400351 -0.004941348 0.999981284 0.003611901 -0.016158467 0.060444977 -0.003306660 0.998166025 1.524389744
0.998181939 0.006257853 -0.059947427 -0.081673563 -0.006375987 0.999978065 -0.001779547 -0.016028760 0.059934977 0.002158535 0.998199940 1.581840038
0.998284578 0.005438802 -0.058295589 -0.085572742 -0.005704889 0.999974072 -0.004398977 -0.016740588 0.058270149 0.004724000 0.998289645 1.638913631
0.998331249 0.002660537 -0.057685968 -0.089062490 -0.002874516 0.999989271 -0.003626712 -0.017232042 0.057675701 0.003786479 0.998328209 1.697893500
0.998309135 0.001775323 -0.058100864 -0.091788098 -0.001701577 0.999997675 0.001318731 -0.017863434 0.058103073 -0.001217638 0.998309851 1.755566359
0.998248219 -0.001956963 -0.059132211 -0.095592804 0.002231787 0.999987006 0.004581940 -0.018422874 0.059122477 -0.004705884 0.998239636 1.813970327
0.998185575 -0.008351134 -0.059630394 -0.098459475 0.008593906 0.999955773 0.003815969 -0.018893404 0.059595890 -0.004321503 0.998213232 1.872129798
0.998059094 -0.009509966 -0.061543461 -0.101439036 0.009475093 0.999954760 -0.000858459 -0.018793967 0.061548840 0.000273663 0.998104036 1.930380344
0.997973621 -0.010340154 -0.062783048 -0.105264977 0.010093330 0.999940038 -0.004247271 -0.019775297 0.062823199 0.003604975 0.998018146 1.989752412
0.997857094 -0.009189608 -0.064782560 -0.109465353 0.008862347 0.999946475 -0.005337234 -0.020004600 0.064828143 0.004751671 0.997885108 2.048613548
0.997780085 -0.009166973 -0.065961137 -0.113888219 0.008874545 0.999949455 -0.004724975 -0.020246675 0.066001117 0.004129111 0.997811019 2.109361410
0.997718096 -0.006421721 -0.067211300 -0.118190072 0.006350196 0.999979019 -0.001277765 -0.021380227 0.067218095 0.000848044 0.997737944 2.168474197
