0.999991119 -0.002741189 -0.003208966 -0.000171566 0.002734951 0.999994338 -0.001946925 -0.000330203 0.003214285 0.001938132 0.999992967 0.039876349
0.999965727 -0.001259496 -0.008183471 -0.000649416 0.001229948 0.999992728 -0.003614657 -0.000520298 0.008187965 0.003604468 0.999960005 0.085024051
0.999938905 -0.001412406 -0.010963312 -0.001659516 0.001356601 0.999986112 -0.005095908 -0.000585069 0.010970358 0.005080724 0.999926925 0.121789344
0.999852061 -0.000158176 -0.017199622 -0.001989937 0.000052858 0.999981225 -0.006123553 -0.000618499 0.017200269 0.006121738 0.999833345 0.167621762
0.999798715 -0.000913237 -0.020042453 -0.003929419 0.000794096 0.999981999 -0.005951580 -0.001499391 0.020047527 0.005934466 0.999781430 0.207783639
0.999693990 0.000802912 -0.024723714 -0.005271902 -0.000978284 0.999974430 -0.007082009 -0.002194297 0.024717396 0.007104028 0.999669254 0.252809405
0.999567807 0.003362196 -0.029205009 -0.007442496 -0.003584609 0.999964952 -0.007566577 -0.002700455 0.029178545 0.007667995 0.999544799 0.296855301
0.999416888 0.003795770 -0.033933874 -0.009000387 -0.004004072 0.999973536 -0.006072641 -0.003065510 0.033909928 0.006204974 0.999405622 0.344115764
0.999266982 0.002656235 -0.038189083 -0.011211717 -0.002773858 0.999991596 -0.003027349 -0.003766227 0.038180720 0.003131061 0.999265969 0.391651541
0.999145865 0.001933220 -0.041277036 -0.013380213 -0.001946949 0.999998033 -0.000292409 -0.004347902 0.041276392 0.000372523 0.999147713 0.435975999
0.999032974 0.003777404 -0.043804090 -0.016046803 -0.003819610 0.999992311 -0.000879842 -0.004752712 0.043800429 0.001046305 0.999039769 0.484630138
0.998922825 0.003322585 -0.046282962 -0.018342575 -0.003372425 0.999993801 -0.000998804 -0.005278955 0.046279356 0.001153814 0.998927891 0.533462822
0.998876095 0.000259369 -0.047397628 -0.020603405 -0.000338663 0.999998569 -0.001664931 -0.005665193 0.047397126 0.001679112 0.998874724 0.578673720
0.998779237 -0.000051356 -0.049397018 -0.022976968 0.000024384 0.999999821 -0.000546635 -0.006225652 0.049397036 0.000544763 0.998779058 0.627606034
0.998742163 -0.001507756 -0.050118532 -0.026089977 0.001438798 0.999997973 -0.001411942 -0.006220013 0.050120559 0.001338055 0.998742282 0.677192152
0.998608410 0.000129457 -0.052737083 -0.028486194 -0.000276271 0.999996126 -0.002776606 -0.007480382 0.052736517 0.002787312 0.998604596 0.726962686
0.998565495 0.001216605 -0.053530645 -0.031931695 -0.001559392 0.999978542 -0.006362269 -0.007309873 0.053521752 0.006436618 0.998545945 0.777333677
0.998397410 0.004468345 -0.056414466 -0.034302406 -0.004876545 0.999962926 -0.007100155 -0.008651314 0.056380648 0.007363884 0.998382211 0.828546286
0.998368621 0.005253187 -0.056855202 -0.038009122 -0.005644726 0.999961436 -0.006728195 -0.009331500 0.056817662 0.007038150 0.998359740 0.879917443
0.998243332 0.004640559 -0.059065763 -0.040320534 -0.004930823 0.999976456 -0.004769459 -0.010419663 0.059042241 0.005052323 0.998242676 0.932280362
0.998161435 0.005797817 -0.060333148 -0.043779820 -0.006025546 0.999975383 -0.003593273 -0.010832582 0.060310829 0.003950207 0.998171806 0.984470308
0.998059452 0.004856640 -0.062078204 -0.046682902 -0.005104715 0.999979615 -0.003838188 -0.011348161 0.062058300 0.004147631 0.998063922 1.037243724
0.997903943 0.004898679 -0.064526469 -0.049687967 -0.005245720 0.999972641 -0.005209951 -0.011741951 0.064499184 0.005537519 0.997902393 1.090317369
0.997828484 0.003719296 -0.065761089 -0.053118426 -0.004118707 0.999973893 -0.005939151 -0.012520973 0.065737277 0.006197105 0.997817695 1.143073916
