0.999990761 -0.002686117 -0.003354909 -0.000043997 0.002679151 0.999994278 -0.002079311 -0.000318764 0.003360474 0.002070304 0.999992192 0.041313659
0.999971628 -0.001317188 -0.007419433 -0.000881315 0.001289108 0.999992013 -0.003788143 -0.000399611 0.007424363 0.003778471 0.999965310 0.087925971
0.999935091 -0.001378870 -0.011308153 -0.001417220 0.001320372 0.999985695 -0.005178983 -0.000620641 0.011315133 0.005163716 0.999922633 0.126328483
0.999846160 -0.000166848 -0.017540790 -0.002037921 0.000058343 0.999980867 -0.006186215 -0.000642781 0.017541487 0.006184239 0.999827027 0.179107174
0.999792159 -0.001040566 -0.020362083 -0.003771966 0.000923444 0.999982953 -0.005760507 -0.001712752 0.020367730 0.005740506 0.999776065 0.214882120
0.999697030 0.000976395 -0.024594620 -0.005554459 -0.001148738 0.999974906 -0.006994194 -0.002342481 0.024587173 0.007020328 0.999673069 0.261544824
0.999554873 0.003350412 -0.029644594 -0.007226474 -0.003567052 0.999967277 -0.007258034 -0.003180145 0.029619306 0.007360547 0.999534130 0.307306916
0.999419034 0.003896034 -0.033858497 -0.009431327 -0.004098313 0.999974132 -0.005906915 -0.003424727 0.033834610 0.006042246 0.999409199 0.355650157
0.999249935 0.002628461 -0.038635299 -0.010772354 -0.002757332 0.999990821 -0.003282671 -0.003855147 0.038626313 0.003386739 0.999247968 0.403135538
0.999111414 0.002331359 -0.042082869 -0.013131824 -0.002341802 0.999997258 -0.000198872 -0.004877123 0.042082287 0.000297245 0.999114096 0.453064352
0.999014199 0.003907037 -0.044219639 -0.016185019 -0.003953238 0.999991715 -0.000957389 -0.005168385 0.044215530 0.001131256 0.999021351 0.504356682
0.998882949 0.003324204 -0.047136553 -0.017831344 -0.003379735 0.999993682 -0.001098429 -0.005406593 0.047132604 0.001256511 0.998887837 0.550574243
0.998832643 -0.000143554 -0.048304312 -0.020873370 0.000094671 0.999999464 -0.001014265 -0.006220314 0.048304435 0.001008508 0.998832166 0.601332307
0.998681724 -0.000154963 -0.051330652 -0.022475053 0.000108800 0.999999583 -0.000902114 -0.006141028 0.051330771 0.000895340 0.998681307 0.651717246
0.998614252 -0.001678352 -0.052599903 -0.025560683 0.001598503 0.999997497 -0.001560070 -0.006339817 0.052602392 0.001473827 0.998614430 0.704176307
0.998531222 0.000522360 -0.054176722 -0.028895414 -0.000731790 0.999992311 -0.003845900 -0.006901545 0.054174300 0.003879898 0.998523951 0.754431546
0.998427749 0.000936708 -0.056045800 -0.031306755 -0.001308214 0.999977410 -0.006592297 -0.007343472 0.056038361 0.006655252 0.998406410 0.806962669
0.998364747 0.005266042 -0.056921586 -0.035908666 -0.005712026 0.999954224 -0.007675194 -0.008674021 0.056878563 0.007987780 0.998349130 0.858932436
0.998314440 0.005707248 -0.057755884 -0.039781488 -0.006120930 0.999956846 -0.006988237 -0.009512614 0.057713509 0.007329978 0.998306274 0.912979364
0.998196959 0.004804495 -0.059830900 -0.042280190 -0.005149427 0.999970973 -0.005612263 -0.010329577 0.059802201 0.005910239 0.998192728 0.966477096
0.998095751 0.005634758 -0.061425999 -0.045634039 -0.005909311 0.999973357 -0.004288911 -0.010945799 0.061400194 0.004643729 0.998102427 1.021382928
0.998063803 0.005098584 -0.061988693 -0.049555834 -0.005334614 0.999979138 -0.003642728 -0.012286183 0.061968829 0.003966361 0.998070180 1.074585199
0.997941971 0.004793304 -0.063943841 -0.053198140 -0.005136236 0.999973297 -0.005199711 -0.012353861 0.063917205 0.005517441 0.997939944 1.130468607
0.997912109 0.003637373 -0.064484030 -0.056659222 -0.003991037 0.999977708 -0.005356554 -0.013684737 0.064463109 0.005602729 0.997904360 1.184220076
0.997867227 0.003180443 -0.065198436 -0.060500138 -0.003412166 0.999988258 -0.003443076 -0.014122936 0.065186724 0.003658200 0.997866392 1.240848184
0.997842789 0.004530974 -0.065492272 -0.064013578 -0.004574596 0.999989390 -0.000516118 -0.014670442 0.065489240 0.000814605 0.997852921 1.296051860
0.997839570 0.005457811 -0.065470651 -0.067215048 -0.005199615 0.999978006 0.004113431 -0.015969990 0.065491669 -0.003764122 0.997846007 1.352627754
0.997994184 0.004168253 -0.063168570 -0.071535386 -0.003796300 0.999974728 0.006007140 -0.015237632 0.063192017 -0.005755284 0.997984767 1.409673810
0.998139083 0.004536259 -0.060809568 -0.076101452 -0.004152600 0.999970675 0.006434072 -0.015520416 0.060836971 -0.006169580 0.998128653 1.467413902
0.998143315 0.004586063 -0.060736444 -0.078821905 -0.004356612 0.999982893 0.003909693 -0.015782785 0.060753334 -0.003637829 0.998146176 1.525314212
0.998240411 0.005493878 -0.059041586 -0.082386903 -0.005533520 0.999984562 -0.000507941 -0.016760699 0.059037883 0.000833755 0.998255372 1.580558062
0.998285174 0.005164235 -0.058309972 -0.085529722 -0.005418363 0.999976516 -0.004200940 -0.016300600 0.058286909 0.004509681 0.998289704 1.639458179
0.998353422 0.002902775 -0.057288826 -0.088560522 -0.003057726 0.999991894 -0.002617260 -0.017575284 0.057280764 0.002788124 0.998354197 1.696505189
0.998316586 0.001040376 -0.057991032 -0.091787711 -0.000894372 0.999996364 0.002543598 -0.018223703 0.057993464 -0.002487450 0.998313844 1.756398559
0.998277545 -0.002162629 -0.058628242 -0.094854161 0.002494434 0.999981284 0.005586875 -0.018497236 0.058615062 -0.005723496 0.998264253 1.813508987
0.998201668 -0.008880873 -0.059284102 -0.098193280 0.009150054 0.999949038 0.004270615 -0.018728526 0.059243154 -0.004805387 0.998232007 1.872496486
0.998063266 -0.011585777 -0.061119057 -0.101293609 0.011649828 0.999931872 0.000691738 -0.018962372 0.061106879 -0.001402425 0.998130262 1.930786610
0.998009443 -0.010775556 -0.062136978 -0.105497777 0.010571452 0.999937594 -0.003612565 -0.019278759 0.062172025 0.002948496 0.998061121 1.989462972
0.997863591 -0.010088142 -0.064548664 -0.109267965 0.009858196 0.999943852 -0.003879894 -0.020192361 0.064584181 0.003235271 0.997907043 2.048668861
0.997820556 -0.010019735 -0.065221168 -0.113969013 0.009841384 0.999946892 -0.003055264 -0.020131750 0.065248318 0.002406738 0.997866154 2.108957529
0.997749388 -0.007435356 -0.066639565 -0.117580839 0.007495791 0.999971688 0.000656908 -0.021873694 0.066632792 -0.001154946 0.997776926 2.168814421
0.997702539 -0.006551050 -0.067429289 -0.122175567 0.006692891 0.999975860 0.001877856 -0.022756051 0.067415357 -0.002324839 0.997722268 2.228483915
0.997614563 -0.006034195 -0.068765663 -0.126415044 0.006343359 0.999970734 0.004278422 -0.022675933 0.068737827 -0.004704421 0.997623682 2.289196253
0.997625053 -0.006568979 -0.068564601 -0.130949125 0.007081818 0.999948740 0.007239275 -0.022847842 0.068513535 -0.007707644 0.997620404 2.349735260
0.997646630 -0.000012872 -0.068565458 -0.136683121 0.000660864 0.999955356 0.009428025 -0.023124598 0.068562277 -0.009451150 0.997602046 2.409928560
0.997667193 -0.000735617 -0.068261057 -0.141808853 0.001328128 0.999961853 0.008635093 -0.023050208 0.068252102 -0.008705609 0.997630119 2.469205141
0.997643232 0.000073141 -0.068614997 -0.145170897 0.000422826 0.999973893 0.007213716 -0.023995759 0.068613730 -0.007225728 0.997617126 2.528774261
0.997637272 0.002253333 -0.068663999 -0.149465829 -0.001939170 0.999987364 0.004641676 -0.024055090 0.068673588 -0.004497558 0.997629046 2.587459326
0.997559071 0.001473460 -0.069812045 -0.153769568 -0.001134742 0.999987423 0.004891271 -0.024491306 0.069818370 -0.004800113 0.997548163 2.647669315
0.997492790 -0.000094057 -0.070767701 -0.158081323 0.000524353 0.999981463 0.006061837 -0.024909621 0.070765816 -0.006083746 0.997474432 2.706202030
0.997408152 0.000347690 -0.071950227 -0.162184596 0.000161374 0.999975026 0.007069292 -0.025360627 0.071950890 -0.007062580 0.997383177 2.765443802
0.997387350 0.002626109 -0.072191462 -0.166876227 -0.002399534 0.999991894 0.003225077 -0.025719177 0.072199345 -0.003043426 0.997385561 2.823225975
0.997327507 0.003148552 -0.072992712 -0.171383992 -0.003207201 0.999994636 -0.000686293 -0.026418841 0.072990157 0.000918561 0.997332215 2.881796837
0.997274101 0.004310864 -0.073659606 -0.175802335 -0.004467645 0.999988079 -0.001963815 -0.027040964 0.073650263 0.002287547 0.997281492 2.940118790
0.997255564 0.002671256 -0.073988073 -0.180054933 -0.002548333 0.999995232 0.001755738 -0.027947759 0.073992409 -0.001562373 0.997257590 2.998420715
0.997258186 0.000951295 -0.073994860 -0.184371963 -0.000592358 0.999987960 0.004872633 -0.028666073 0.073998600 -0.004815442 0.997246742 3.055959702
0.997244358 -0.000823357 -0.074181996 -0.188619927 0.001233994 0.999984145 0.005489871 -0.029193601 0.074176304 -0.005566284 0.997229636 3.113586426
0.997240841 -0.003829054 -0.074135073 -0.192988738 0.004132567 0.999983668 0.003941084 -0.029523224 0.074118771 -0.004236578 0.997240424 3.170261860
0.997174263 -0.006747177 -0.074819222 -0.197001770 0.006981102 0.999971509 0.002865456 -0.030112466 0.074797757 -0.003379679 0.997192979 3.227784157
0.997088253 -0.008148537 -0.075819507 -0.201329157 0.008467499 0.999956608 0.003886341 -0.030623864 0.075784549 -0.004517027 0.997114003 3.284609795
0.996999979 -0.011108915 -0.076600440 -0.205569968 0.011773339 0.999896824 0.008227761 -0.031193925 0.076501139 -0.009104921 0.997027934 3.340189934
0.996899903 -0.012249131 -0.077721037 -0.209596917 0.013308642 0.999825239 0.013128933 -0.031337578 0.077546634 -0.014122592 0.996888697 3.398262501
0.996881127 -0.010233065 -0.078251682 -0.214286864 0.011461107 0.999817848 0.015260505 -0.031470113 0.078081265 -0.016109761 0.996816814 3.454985857
0.996779978 -0.009236106 -0.079651691 -0.218946934 0.010189864 0.999881089 0.011575956 -0.031882335 0.079535298 -0.012350321 0.996755540 3.510684967
0.996702015 -0.007601428 -0.080791578 -0.223837793 0.007929202 0.999961555 0.003736964 -0.032095026 0.080760069 -0.004365252 0.996724010 3.565595150
0.996629834 -0.005991230 -0.081811078 -0.228358373 0.005905802 0.999981761 -0.001286162 -0.032460619 0.081817292 0.000798668 0.996647000 3.620058298
0.996580541 -0.001395214 -0.082615346 -0.233821720 0.001398759 0.999999046 -0.000014969 -0.033435225 0.082615286 -0.000100641 0.996581495 3.673983335
0.996500015 0.001031328 -0.083586447 -0.238669351 -0.000851108 0.999997258 0.002191699 -0.034038022 0.083588473 -0.002112887 0.996498108 3.727785587
0.996394038 0.003942669 -0.084754854 -0.243054345 -0.003629336 0.999985993 0.003850701 -0.035191439 0.084768854 -0.003529212 0.996394396 3.779740810
0.996304512 0.004304182 -0.085783087 -0.248116910 -0.004032864 0.999986291 0.003335891 -0.035330310 0.085796274 -0.002977611 0.996308267 3.831897020
0.996168375 0.006135881 -0.087240644 -0.252888799 -0.005802678 0.999974847 0.004072444 -0.035844512 0.087263435 -0.003550611 0.996178925 3.881461859
0.996040702 0.007246459 -0.088602431 -0.257803231 -0.006863337 0.999965727 0.004627944 -0.036537811 0.088632926 -0.004001513 0.996056318 3.933074951
0.995913088 0.007157420 -0.090033047 -0.262433380 -0.006682846 0.999962151 0.005571456 -0.037738796 0.090069517 -0.004947009 0.995923221 3.981830120
0.995790601 0.006912651 -0.091396131 -0.267124295 -0.006385133 0.999961257 0.006062928 -0.037584133 0.091434501 -0.005453830 0.995796144 4.031308651
0.995674491 0.009615718 -0.092411399 -0.272103190 -0.008840749 0.999922276 0.008791803 -0.037969183 0.092488758 -0.007936789 0.995682120 4.078774452
0.995519161 0.010977411 -0.093920603 -0.276570350 -0.009803986 0.999868155 0.012946120 -0.038511984 0.094050333 -0.011967314 0.995495498 4.125402451
0.995322645 0.014318525 -0.095539317 -0.281486928 -0.012978924 0.999808788 0.014628206 -0.038669161 0.095730506 -0.013319788 0.995318174 4.170952797
0.995174527 0.017390642 -0.096567102 -0.286492050 -0.016451048 0.999809325 0.010517703 -0.039186269 0.096731596 -0.008878320 0.995270908 4.215720177
0.995043933 0.017474994 -0.097888432 -0.290890843 -0.017202213 0.999845445 0.003629988 -0.040232386 0.097936735 -0.001928100 0.995190799 4.258207321
0.994936645 0.016329184 -0.099168591 -0.295817912 -0.016672345 0.999857545 -0.002632585 -0.040069360 0.099111475 0.004272628 0.995067179 4.301447868
0.994859755 0.017108297 -0.099806935 -0.300092101 -0.017583845 0.999837816 -0.003886873 -0.040493526 0.099724256 0.005621883 0.994999230 4.342526436
0.994736969 0.019821515 -0.100525737 -0.304598033 -0.019928787 0.999801397 -0.000062905 -0.041407064 0.100504525 0.002065930 0.994934440 4.383026600
0.994605362 0.020462288 -0.101692930 -0.308945417 -0.020357041 0.999790609 0.002072736 -0.042237647 0.101714052 0.000008613 0.994813681 4.421113491
0.994593382 0.016848410 -0.102470435 -0.312982768 -0.017023874 0.999854743 -0.000838006 -0.043377228 0.102441430 0.002577919 0.994735718 4.459081173
0.994697690 0.009061934 -0.102442242 -0.316280067 -0.009766437 0.999931991 -0.006377591 -0.043685477 0.102377482 0.007344271 0.994718492 4.496202469
0.994805634 0.004963239 -0.101671509 -0.319178760 -0.006120474 0.999919951 -0.011073311 -0.044597477 0.101608410 0.011638070 0.994756401 4.530987740
0.995142043 0.007159259 -0.098188713 -0.323262513 -0.008373613 0.999893427 -0.011961034 -0.044674382 0.098092608 0.012725121 0.995095909 4.566185474
0.995506346 0.012144267 -0.093912758 -0.326964915 -0.013014479 0.999877810 -0.008659236 -0.045634579 0.093796119 0.009842549 0.995542765 4.599257469
0.995917618 0.010496586 -0.089654587 -0.329243183 -0.011068602 0.999921441 -0.005885423 -0.046222717 0.089585766 0.006853748 0.995955527 4.632359028
